2c:f8:9b:dd:06:a0,802.11n (HT),1,2412,-34,0,130,130,0,15,1594650021.054628,135
2c:f8:9b:dd:06:a0,802.11n (HT),1,2412,-32,0,148,130,0,15,1594650021.126062,665
2c:f8:9b:dd:06:a0,802.11n (HT),1,2412,-34,0,159,130,0,15,1594650021.160954,240
2c:f8:9b:dd:06:a0,802.11n (HT),1,2412,-32,0,173,130,0,15,1594650021.200956,135
2c:f8:9b:dd:06:a0,802.11n (HT),1,2412,-34,0,188,130,0,15,1594650021.233836,256
2c:f8:9b:dd:06:a0,802.11n (HT),1,2412,-32,0,194,130,0,15,1594650021.259208,240
2c:f8:9b:dd:06:a0,802.11n (HT),1,2412,-34,0,201,130,0,15,1594650021.30346,141
2c:f8:9b:dd:06:a0,802.11n (HT),1,2412,-34,0,222,130,0,15,1594650021.320212,251
2c:f8:9b:dd:06:a0,802.11n (HT),1,2412,-32,0,226,130,0,15,1594650021.337838,204
2c:f8:9b:dd:06:a0,802.11n (HT),1,2412,-32,0,232,130,0,15,1594650021.355833,135
2c:f8:9b:dd:06:a0,802.11n (HT),1,2412,-32,0,236,130,0,15,1594650021.355878,641
2c:f8:9b:dd:06:a0,802.11n (HT),1,2412,-32,0,237,130,0,15,1594650021.355882,121
2c:f8:9b:dd:06:a0,802.11n (HT),1,2412,-34,0,245,130,0,15,1594650021.361709,164
2c:f8:9b:dd:06:a0,802.11n (HT),1,2412,-34,0,253,144.444,1,15,1594650021.393836,251
2c:f8:9b:dd:06:a0,802.11n (HT),1,2412,-34,0,257,144.444,1,15,1594650021.413462,135
2c:f8:9b:dd:06:a0,802.11n (HT),1,2412,-34,0,261,144.444,1,15,1594650021.475747,144
2c:f8:9b:dd:06:a0,802.11n (HT),1,2412,-34,0,286,144.444,1,15,1594650021.756111,213
2c:f8:9b:dd:06:a0,802.11n (HT),1,2412,-34,0,292,78,0,12,1594650021.774721,193
2c:f8:9b:dd:06:a0,802.11n (HT),1,2412,-32,0,328,144.444,1,15,1594650023.01663,286
2c:f8:9b:dd:06:a0,802.11n (HT),1,2412,-32,0,335,144.444,1,15,1594650023.084014,141
2c:f8:9b:dd:06:a0,802.11n (HT),1,2412,-34,0,339,144.444,1,15,1594650023.131763,1379
2c:f8:9b:dd:06:a0,802.11n (HT),1,2412,-32,0,344,144.444,1,15,1594650023.133253,1379
2c:f8:9b:dd:06:a0,802.11n (HT),1,2412,-32,0,345,144.444,1,15,1594650023.133259,1365
2c:f8:9b:dd:06:a0,802.11n (HT),1,2412,-32,0,346,144.444,1,15,1594650023.133265,1365
2c:f8:9b:dd:06:a0,802.11n (HT),1,2412,-32,0,347,144.444,1,15,1594650023.133271,1255
2c:f8:9b:dd:06:a0,802.11n (HT),1,2412,-34,0,358,144.444,1,15,1594650023.187267,180
2c:f8:9b:dd:06:a0,802.11n (HT),1,2412,-34,0,359,144.444,1,15,1594650023.187272,184
2c:f8:9b:dd:06:a0,802.11n (HT),1,2412,-34,0,374,144.444,1,15,1594650023.239008,135
2c:f8:9b:dd:06:a0,802.11n (HT),1,2412,-34,0,375,144.444,1,15,1594650023.239013,153
2c:f8:9b:dd:06:a0,802.11n (HT),1,2412,-34,0,379,144.444,1,15,1594650023.246639,135
2c:f8:9b:dd:06:a0,802.11n (HT),1,2412,-34,0,380,144.444,1,15,1594650023.246644,157
2c:f8:9b:dd:06:a0,802.11n (HT),1,2412,-32,0,386,144.444,1,15,1594650023.265632,632
2c:f8:9b:dd:06:a0,802.11n (HT),1,2412,-32,0,392,144.444,1,15,1594650023.32214,171
2c:f8:9b:dd:06:a0,802.11n (HT),1,2412,-34,0,396,130,0,15,1594650023.323385,135
2c:f8:9b:dd:06:a0,802.11n (HT),1,2412,-34,0,419,130,0,15,1594650023.575653,261
2c:f8:9b:dd:06:a0,802.11n (HT),1,2412,-32,0,435,130,0,15,1594650023.74577,263
2c:f8:9b:dd:06:a0,802.11n (HT),1,2412,-32,0,440,130,0,15,1594650023.745808,141
2c:f8:9b:dd:06:a0,802.11n (HT),1,2412,-34,0,450,130,0,15,1594650023.808524,141
2c:f8:9b:dd:06:a0,802.11n (HT),1,2412,-34,0,458,130,0,15,1594650023.811757,141
2c:f8:9b:dd:06:a0,802.11n (HT),1,2412,-34,0,466,130,0,15,1594650023.8179,1379
2c:f8:9b:dd:06:a0,802.11n (HT),1,2412,-34,0,470,130,0,15,1594650023.81794,1245
2c:f8:9b:dd:06:a0,802.11n (HT),1,2412,-32,0,478,130,0,15,1594650023.843155,141
2c:f8:9b:dd:06:a0,802.11n (HT),1,2412,-34,0,487,130,0,15,1594650023.866899,1379
2c:f8:9b:dd:06:a0,802.11n (HT),1,2412,-34,0,489,130,0,15,1594650023.866912,339
2c:f8:9b:dd:06:a0,802.11n (HT),1,2412,-34,0,490,130,0,15,1594650023.866918,1365
2c:f8:9b:dd:06:a0,802.11n (HT),1,2412,-34,0,491,130,0,15,1594650023.866922,325
2c:f8:9b:dd:06:a0,802.11n (HT),1,2412,-34,0,492,130,0,15,1594650023.866928,1173
2c:f8:9b:dd:06:a0,802.11n (HT),1,2412,-34,0,496,130,0,15,1594650023.86801,1379
2c:f8:9b:dd:06:a0,802.11n (HT),1,2412,-34,0,497,130,0,15,1594650023.868017,1365
2c:f8:9b:dd:06:a0,802.11n (HT),1,2412,-34,0,498,130,0,15,1594650023.868023,1365
2c:f8:9b:dd:06:a0,802.11n (HT),1,2412,-34,0,499,130,0,15,1594650023.868029,1365
2c:f8:9b:dd:06:a0,802.11n (HT),1,2412,-34,0,500,130,0,15,1594650023.868035,1255
2c:f8:9b:dd:06:a0,802.11n (HT),1,2412,-34,0,531,144.444,1,15,1594650023.928152,135
2c:f8:9b:dd:06:a0,802.11n (HT),1,2412,-34,0,532,144.444,1,15,1594650023.928157,153
2c:f8:9b:dd:06:a0,802.11n (HT),1,2412,-32,0,540,144.444,1,15,1594650023.929162,180
2c:f8:9b:dd:06:a0,802.11n (HT),1,2412,-32,0,541,144.444,1,15,1594650023.929168,673
2c:f8:9b:dd:06:a0,802.11n (HT),1,2412,-34,0,547,144.444,1,15,1594650023.930902,198
2c:f8:9b:dd:06:a0,802.11n (HT),1,2412,-34,0,566,144.444,1,15,1594650023.935669,1379
2c:f8:9b:dd:06:a0,802.11n (HT),1,2412,-34,0,570,144.444,1,15,1594650023.936653,1379
2c:f8:9b:dd:06:a0,802.11n (HT),1,2412,-34,0,571,144.444,1,15,1594650023.93666,1365
2c:f8:9b:dd:06:a0,802.11n (HT),1,2412,-34,0,572,144.444,1,15,1594650023.936664,232
2c:f8:9b:dd:06:a0,802.11n (HT),1,2412,-32,0,583,144.444,1,15,1594650023.97115,333
2c:f8:9b:dd:06:a0,802.11n (HT),1,2412,-32,0,593,144.444,1,15,1594650023.974174,230
2c:f8:9b:dd:06:a0,802.11n (HT),1,2412,-34,1,597,144.444,1,15,1594650023.975284,230
2c:f8:9b:dd:06:a0,802.11n (HT),1,2412,-34,0,605,144.444,1,15,1594650023.9909,135
2c:f8:9b:dd:06:a0,802.11n (HT),1,2412,-34,0,606,144.444,1,15,1594650023.990905,153
2c:f8:9b:dd:06:a0,802.11n (HT),1,2412,-34,0,607,144.444,1,15,1594650023.99091,293
2c:f8:9b:dd:06:a0,802.11n (HT),1,2412,-34,0,608,144.444,1,15,1594650023.990914,266
2c:f8:9b:dd:06:a0,802.11n (HT),1,2412,-34,0,609,144.444,1,15,1594650023.990918,121
2c:f8:9b:dd:06:a0,802.11n (HT),1,2412,-34,0,610,144.444,1,15,1594650023.990923,157
2c:f8:9b:dd:06:a0,802.11n (HT),1,2412,-34,0,611,144.444,1,15,1594650023.990927,121
2c:f8:9b:dd:06:a0,802.11n (HT),1,2412,-34,0,621,144.444,1,15,1594650023.999906,1379
2c:f8:9b:dd:06:a0,802.11n (HT),1,2412,-34,0,622,144.444,1,15,1594650023.999912,1365
2c:f8:9b:dd:06:a0,802.11n (HT),1,2412,-32,0,759,144.444,1,15,1594650024.261851,141
2c:f8:9b:dd:06:a0,802.11n (HT),1,2412,-34,0,761,144.444,1,15,1594650024.261865,180
2c:f8:9b:dd:06:a0,802.11n (HT),1,2412,-34,0,762,144.444,1,15,1594650024.261871,184
2c:f8:9b:dd:06:a0,802.11n (HT),1,2412,-34,0,795,144.444,1,15,1594650024.307655,230
2c:f8:9b:dd:06:a0,802.11n (HT),1,2412,-34,0,799,144.444,1,15,1594650024.31141,135
2c:f8:9b:dd:06:a0,802.11n (HT),1,2412,-32,0,807,144.444,1,15,1594650024.325283,249
2c:f8:9b:dd:06:a0,802.11n (HT),1,2412,-32,0,813,130,0,15,1594650024.327301,135
2c:f8:9b:dd:06:a0,802.11n (HT),1,2412,-32,0,817,130,0,15,1594650024.327335,1379
2c:f8:9b:dd:06:a0,802.11n (HT),1,2412,-32,0,818,130,0,15,1594650024.327354,1365
2c:f8:9b:dd:06:a0,802.11n (HT),1,2412,-32,0,822,130,0,15,1594650024.328293,1379
2c:f8:9b:dd:06:a0,802.11n (HT),1,2412,-32,0,823,130,0,15,1594650024.328298,461
2c:f8:9b:dd:06:a0,802.11n (HT),1,2412,-32,0,853,130,0,15,1594650024.349283,141
2c:f8:9b:dd:06:a0,802.11n (HT),1,2412,-34,0,862,130,0,15,1594650024.360039,1379
2c:f8:9b:dd:06:a0,802.11n (HT),1,2412,-34,0,863,130,0,15,1594650024.360045,1009
2c:f8:9b:dd:06:a0,802.11n (HT),1,2412,-34,0,873,130,0,15,1594650024.408291,403
2c:f8:9b:dd:06:a0,802.11n (HT),1,2412,-34,0,877,130,0,15,1594650024.42591,167
2c:f8:9b:dd:06:a0,802.11n (HT),1,2412,-32,0,883,130,0,15,1594650024.434288,135
2c:f8:9b:dd:06:a0,802.11n (HT),1,2412,-32,0,884,130,0,15,1594650024.434293,127
2c:f8:9b:dd:06:a0,802.11n (HT),1,2412,-32,0,885,130,0,15,1594650024.434297,127
2c:f8:9b:dd:06:a0,802.11n (HT),1,2412,-32,0,886,130,0,15,1594650024.434301,121
2c:f8:9b:dd:06:a0,802.11n (HT),1,2412,-32,0,890,130,0,15,1594650024.435274,135
2c:f8:9b:dd:06:a0,802.11n (HT),1,2412,-32,0,906,130,0,15,1594650024.481289,1165
2c:f8:9b:dd:06:a0,802.11n (HT),1,2412,-34,0,914,130,0,15,1594650024.517415,135
2c:f8:9b:dd:06:a0,802.11n (HT),1,2412,-32,0,918,130,0,15,1594650024.517447,184
2c:f8:9b:dd:06:a0,802.11n (HT),1,2412,-32,0,919,130,0,15,1594650024.517451,170
2c:f8:9b:dd:06:a0,802.11n (HT),1,2412,-32,0,920,130,0,15,1594650024.517456,170
2c:f8:9b:dd:06:a0,802.11n (HT),1,2412,-32,0,921,130,0,15,1594650024.51746,170
2c:f8:9b:dd:06:a0,802.11n (HT),1,2412,-32,0,922,130,0,15,1594650024.517464,170
2c:f8:9b:dd:06:a0,802.11n (HT),1,2412,-32,0,923,130,0,15,1594650024.517478,170
2c:f8:9b:dd:06:a0,802.11n (HT),1,2412,-32,0,924,130,0,15,1594650024.517482,170
2c:f8:9b:dd:06:a0,802.11n (HT),1,2412,-32,0,925,130,0,15,1594650024.517487,170
2c:f8:9b:dd:06:a0,802.11n (HT),1,2412,-34,0,930,130,0,15,1594650024.520787,160
2c:f8:9b:dd:06:a0,802.11n (HT),1,2412,-34,0,932,130,0,15,1594650024.520799,135
2c:f8:9b:dd:06:a0,802.11n (HT),1,2412,-34,0,933,130,0,15,1594650024.520804,170
2c:f8:9b:dd:06:a0,802.11n (HT),1,2412,-34,0,934,130,0,15,1594650024.520813,157
2c:f8:9b:dd:06:a0,802.11n (HT),1,2412,-32,0,944,130,0,15,1594650024.552155,800
2c:f8:9b:dd:06:a0,802.11n (HT),1,2412,-32,0,965,144.444,1,15,1594650024.645172,333
2c:f8:9b:dd:06:a0,802.11n (HT),1,2412,-34,0,971,144.444,1,15,1594650024.659795,171
2c:f8:9b:dd:06:a0,802.11n (HT),1,2412,-34,0,975,144.444,1,15,1594650024.659826,135
2c:f8:9b:dd:06:a0,802.11n (HT),1,2412,-32,0,979,144.444,1,15,1594650024.661292,206
2c:f8:9b:dd:06:a0,802.11n (HT),1,2412,-34,0,1009,144.444,1,15,1594650024.722929,135
2c:f8:9b:dd:06:a0,802.11n (HT),1,2412,-34,0,1013,144.444,1,15,1594650024.725543,1379
2c:f8:9b:dd:06:a0,802.11n (HT),1,2412,-34,0,1014,144.444,1,15,1594650024.72555,1365
2c:f8:9b:dd:06:a0,802.11n (HT),1,2412,-34,0,1018,144.444,1,15,1594650024.725583,1379
2c:f8:9b:dd:06:a0,802.11n (HT),1,2412,-34,0,1019,144.444,1,15,1594650024.725588,461
2c:f8:9b:dd:06:a0,802.11n (HT),1,2412,-32,0,1025,144.444,1,15,1594650024.741552,1379
2c:f8:9b:dd:06:a0,802.11n (HT),1,2412,-32,0,1026,144.444,1,15,1594650024.741558,1365
2c:f8:9b:dd:06:a0,802.11n (HT),1,2412,-32,0,1027,144.444,1,15,1594650024.741564,1365
2c:f8:9b:dd:06:a0,802.11n (HT),1,2412,-32,0,1031,144.444,1,15,1594650024.743304,1379
2c:f8:9b:dd:06:a0,802.11n (HT),1,2412,-32,0,1032,144.444,1,15,1594650024.743322,1255
2c:f8:9b:dd:06:a0,802.11n (HT),1,2412,-32,0,1038,144.444,1,15,1594650024.753674,1379
2c:f8:9b:dd:06:a0,802.11n (HT),1,2412,-32,0,1039,144.444,1,15,1594650024.753681,1009
2c:f8:9b:dd:06:a0,802.11n (HT),1,2412,-34,0,1050,144.444,1,15,1594650024.794804,403
2c:f8:9b:dd:06:a0,802.11n (HT),1,2412,-32,0,1056,144.444,1,15,1594650024.813296,180
2c:f8:9b:dd:06:a0,802.11n (HT),1,2412,-32,0,1057,144.444,1,15,1594650024.8133,184
2c:f8:9b:dd:06:a0,802.11n (HT),1,2412,-32,0,1077,144.444,1,15,1594650024.863551,160
2c:f8:9b:dd:06:a0,802.11n (HT),1,2412,-32,0,1083,144.444,1,15,1594650024.864922,135
2c:f8:9b:dd:06:a0,802.11n (HT),1,2412,-32,0,1091,144.444,1,15,1594650024.871049,135
2c:f8:9b:dd:06:a0,802.11n (HT),1,2412,-32,0,1092,144.444,1,15,1594650024.871054,121
2c:f8:9b:dd:06:a0,802.11n (HT),1,2412,-32,0,1093,144.444,1,15,1594650024.871058,153
2c:f8:9b:dd:06:a0,802.11n (HT),1,2412,-32,0,1094,144.444,1,15,1594650024.871063,157
2c:f8:9b:dd:06:a0,802.11n (HT),1,2412,-32,0,1099,144.444,1,15,1594650024.874179,1379
2c:f8:9b:dd:06:a0,802.11n (HT),1,2412,-32,0,1100,144.444,1,15,1594650024.874185,1365
2c:f8:9b:dd:06:a0,802.11n (HT),1,2412,-32,0,1101,144.444,1,15,1594650024.874191,1365
2c:f8:9b:dd:06:a0,802.11n (HT),1,2412,-32,0,1107,144.444,1,15,1594650024.875161,1379
2c:f8:9b:dd:06:a0,802.11n (HT),1,2412,-32,0,1108,144.444,1,15,1594650024.875168,1365
2c:f8:9b:dd:06:a0,802.11n (HT),1,2412,-32,0,1109,144.444,1,15,1594650024.875174,1365
2c:f8:9b:dd:06:a0,802.11n (HT),1,2412,-32,0,1110,144.444,1,15,1594650024.875179,752
2c:f8:9b:dd:06:a0,802.11n (HT),1,2412,-32,0,1111,144.444,1,15,1594650024.875183,153
2c:f8:9b:dd:06:a0,802.11n (HT),1,2412,-32,0,1121,144.444,1,15,1594650024.887672,339
2c:f8:9b:dd:06:a0,802.11n (HT),1,2412,-34,0,1127,144.444,1,15,1594650024.903304,165
2c:f8:9b:dd:06:a0,802.11n (HT),1,2412,-32,0,1133,144.444,1,15,1594650024.920298,141
2c:f8:9b:dd:06:a0,802.11n (HT),1,2412,-34,0,1141,144.444,1,15,1594650024.932926,135
2c:f8:9b:dd:06:a0,802.11n (HT),1,2412,-32,0,1149,144.444,1,15,1594650024.950806,135
2c:f8:9b:dd:06:a0,802.11n (HT),1,2412,-32,0,1153,144.444,1,15,1594650024.951788,1379
2c:f8:9b:dd:06:a0,802.11n (HT),1,2412,-32,0,1154,144.444,1,15,1594650024.951794,1365
2c:f8:9b:dd:06:a0,802.11n (HT),1,2412,-32,0,1155,144.444,1,15,1594650024.951801,1365
2c:f8:9b:dd:06:a0,802.11n (HT),1,2412,-32,0,1156,144.444,1,15,1594650024.951805,461
2c:f8:9b:dd:06:a0,802.11n (HT),1,2412,-34,0,1160,144.444,1,15,1594650024.953549,165
2c:f8:9b:dd:06:a0,802.11n (HT),1,2412,-34,0,1172,144.444,1,15,1594650024.983303,1379
2c:f8:9b:dd:06:a0,802.11n (HT),1,2412,-34,0,1173,144.444,1,15,1594650024.983313,1009
2c:f8:9b:dd:06:a0,802.11n (HT),1,2412,-34,0,1179,144.444,1,15,1594650024.9873,141
2c:f8:9b:dd:06:a0,802.11n (HT),1,2412,-32,0,1189,144.444,1,15,1594650025.015305,200
2c:f8:9b:dd:06:a0,802.11n (HT),1,2412,-34,0,1193,144.444,1,15,1594650025.01655,200
2c:f8:9b:dd:06:a0,802.11n (HT),1,2412,-32,0,1197,144.444,1,15,1594650025.018175,419
2c:f8:9b:dd:06:a0,802.11n (HT),1,2412,-32,0,1226,144.444,1,15,1594650025.064064,540
2c:f8:9b:dd:06:a0,802.11n (HT),1,2412,-32,0,1230,144.444,1,15,1594650025.068305,141
2c:f8:9b:dd:06:a0,802.11n (HT),1,2412,-34,0,1234,144.444,1,15,1594650025.068337,141
2c:f8:9b:dd:06:a0,802.11n (HT),1,2412,-32,0,1249,144.444,1,15,1594650025.102434,180
2c:f8:9b:dd:06:a0,802.11n (HT),1,2412,-32,0,1250,144.444,1,15,1594650025.102439,184
2c:f8:9b:dd:06:a0,802.11n (HT),1,2412,-34,0,1254,144.444,1,15,1594650025.104178,135
2c:f8:9b:dd:06:a0,802.11n (HT),1,2412,-34,0,1255,144.444,1,15,1594650025.104183,121
2c:f8:9b:dd:06:a0,802.11n (HT),1,2412,-34,0,1259,144.444,1,15,1594650025.105177,244
2c:f8:9b:dd:06:a0,802.11n (HT),1,2412,-34,0,1265,144.444,1,15,1594650025.106164,244
2c:f8:9b:dd:06:a0,802.11n (HT),1,2412,-32,0,1283,144.444,1,15,1594650025.111062,160
2c:f8:9b:dd:06:a0,802.11n (HT),1,2412,-34,0,1289,144.444,1,15,1594650025.11269,135
2c:f8:9b:dd:06:a0,802.11n (HT),1,2412,-34,0,1297,144.444,1,15,1594650025.138809,135
2c:f8:9b:dd:06:a0,802.11n (HT),1,2412,-32,0,1301,144.444,1,15,1594650025.143055,135
2c:f8:9b:dd:06:a0,802.11n (HT),1,2412,-34,0,1305,144.444,1,15,1594650025.157684,167
2c:f8:9b:dd:06:a0,802.11n (HT),1,2412,-34,0,1306,144.444,1,15,1594650025.157688,157
2c:f8:9b:dd:06:a0,802.11n (HT),1,2412,-32,0,1312,144.444,1,15,1594650025.160804,1379
2c:f8:9b:dd:06:a0,802.11n (HT),1,2412,-32,0,1313,144.444,1,15,1594650025.16081,1365
2c:f8:9b:dd:06:a0,802.11n (HT),1,2412,-32,0,1317,144.444,1,15,1594650025.160844,1379
2c:f8:9b:dd:06:a0,802.11n (HT),1,2412,-32,0,1318,144.444,1,15,1594650025.160849,1119
2c:f8:9b:dd:06:a0,802.11n (HT),1,2412,-32,0,1319,144.444,1,15,1594650025.160853,153
2c:f8:9b:dd:06:a0,802.11n (HT),1,2412,-34,0,1332,144.444,1,15,1594650025.21719,135
2c:f8:9b:dd:06:a0,802.11n (HT),1,2412,-34,0,1338,144.444,1,15,1594650025.240432,141
2c:f8:9b:dd:06:a0,802.11n (HT),1,2412,-34,0,1346,144.444,1,15,1594650025.247692,141
2c:f8:9b:dd:06:a0,802.11n (HT),1,2412,-32,0,1354,144.444,1,15,1594650025.279811,1245
2c:f8:9b:dd:06:a0,802.11n (HT),1,2412,-32,0,1355,144.444,1,15,1594650025.279815,149
2c:f8:9b:dd:06:a0,802.11n (HT),1,2412,-32,0,1356,144.444,1,15,1594650025.279821,1231
2c:f8:9b:dd:06:a0,802.11n (HT),1,2412,-32,0,1357,144.444,1,15,1594650025.279825,149
2c:f8:9b:dd:06:a0,802.11n (HT),1,2412,-32,0,1366,144.444,1,15,1594650025.291061,1379
2c:f8:9b:dd:06:a0,802.11n (HT),1,2412,-34,0,1370,144.444,1,15,1594650025.292807,1379
2c:f8:9b:dd:06:a0,802.11n (HT),1,2412,-34,0,1371,144.444,1,15,1594650025.292813,1365
2c:f8:9b:dd:06:a0,802.11n (HT),1,2412,-34,0,1372,144.444,1,15,1594650025.292819,1365
2c:f8:9b:dd:06:a0,802.11n (HT),1,2412,-34,0,1373,144.444,1,15,1594650025.292824,1255
2c:f8:9b:dd:06:a0,802.11n (HT),1,2412,-32,0,1383,144.444,1,15,1594650025.296835,1379
2c:f8:9b:dd:06:a0,802.11n (HT),1,2412,-34,0,1389,144.444,1,15,1594650025.30056,1379
2c:f8:9b:dd:06:a0,802.11n (HT),1,2412,-34,0,1390,144.444,1,15,1594650025.300566,1365
2c:f8:9b:dd:06:a0,802.11n (HT),1,2412,-34,0,1391,144.444,1,15,1594650025.300572,1365
2c:f8:9b:dd:06:a0,802.11n (HT),1,2412,-34,0,1392,144.444,1,15,1594650025.300578,1255
2c:f8:9b:dd:06:a0,802.11n (HT),1,2412,-32,0,1400,144.444,1,15,1594650025.326685,141
2c:f8:9b:dd:06:a0,802.11n (HT),1,2412,-34,0,1404,144.444,1,15,1594650025.326716,141
2c:f8:9b:dd:06:a0,802.11n (HT),1,2412,-34,0,1431,144.444,1,15,1594650025.347067,180
2c:f8:9b:dd:06:a0,802.11n (HT),1,2412,-34,0,1435,144.444,1,15,1594650025.347099,198
2c:f8:9b:dd:06:a0,802.11n (HT),1,2412,-34,0,1450,144.444,1,15,1594650025.364871,135
