bssid, phy_type, channel, frequency, signal_strength, retry, number, data_rate, short_GI, mcs_index, time_arrived, packet_size
f4:2e:7f:2e:5f:71,802.11a (OFDM),149,5745,-74,0,1,6,0,7,1742468841.272014,167
f4:2e:7f:2e:5f:71,802.11a (OFDM),149,5745,-74,0,2,6,0,7,1742468841.272014,282
f4:2e:7f:2e:5f:71,802.11a (OFDM),149,5745,-74,0,3,6,0,7,1742468841.272014,373
f4:2e:7f:2e:5f:71,802.11a (OFDM),149,5745,-74,0,4,6,0,7,1742468841.272014,232
f4:2e:7f:2e:5f:71,802.11a (OFDM),149,5745,-74,0,5,6,0,7,1742468841.272033,497
f4:2e:7f:2e:5f:71,802.11a (OFDM),149,5745,-74,0,6,6,0,7,1742468841.272036,281
f4:2e:7f:2e:5f:71,802.11a (OFDM),149,5745,-74,0,7,6,0,7,1742468841.272039,482
f4:2e:7f:2e:5f:71,802.11a (OFDM),149,5745,-74,0,8,6,0,7,1742468841.272039,227
f4:2e:7f:2e:5f:71,802.11a (OFDM),149,5745,-73,0,9,6,0,7,1742468841.371307,298
f4:2e:7f:2e:5f:71,802.11a (OFDM),149,5745,-74,0,10,6,0,7,1742468841.371307,180
f4:2e:7f:2e:5f:71,802.11a (OFDM),149,5745,-74,0,11,6,0,7,1742468841.371308,339
f4:2e:7f:2e:5f:71,802.11a (OFDM),149,5745,-74,0,12,6,0,7,1742468841.371308,566
f4:2e:7f:2e:5f:71,802.11a (OFDM),149,5745,-74,0,13,6,0,7,1742468841.371331,294
f4:2e:7f:2e:5f:71,802.11a (OFDM),149,5745,-74,0,14,6,0,7,1742468841.477223,292
f4:2e:7f:2e:5f:71,802.11a (OFDM),149,5745,-74,0,15,6,0,7,1742468841.477223,411
f4:2e:7f:2e:5f:71,802.11a (OFDM),149,5745,-74,0,16,6,0,7,1742468841.477223,247
f4:2e:7f:2e:5f:71,802.11a (OFDM),149,5745,-74,0,17,6,0,7,1742468841.477223,282
f4:2e:7f:2e:5f:71,802.11a (OFDM),149,5745,-74,0,18,6,0,7,1742468841.477223,196
f4:2e:7f:2e:5f:71,802.11a (OFDM),149,5745,-74,0,19,6,0,7,1742468841.477233,285
f4:2e:7f:2e:5f:71,802.11a (OFDM),149,5745,-74,0,20,6,0,7,1742468841.477249,385
f4:2e:7f:2e:5f:71,802.11a (OFDM),149,5745,-74,0,21,6,0,7,1742468841.477253,276
f4:2e:7f:2e:5f:71,802.11a (OFDM),149,5745,-74,0,22,6,0,7,1742468841.477255,320
f4:2e:7f:2e:5f:71,802.11a (OFDM),149,5745,-74,0,23,6,0,7,1742468841.477261,227
f4:2e:7f:2e:5f:71,802.11a (OFDM),149,5745,-74,0,24,6,0,7,1742468841.477265,172
f4:2e:7f:2e:5f:71,802.11a (OFDM),149,5745,-74,0,25,6,0,7,1742468841.4805,186
f4:2e:7f:2e:5f:71,802.11a (OFDM),149,5745,-74,0,26,6,0,7,1742468841.480583,230
f4:2e:7f:2e:5f:71,802.11a (OFDM),149,5745,-74,0,27,6,0,7,1742468841.480585,391
f4:2e:7f:2e:5f:71,802.11a (OFDM),149,5745,-74,0,28,6,0,7,1742468841.579396,150
f4:2e:7f:2e:5f:71,802.11a (OFDM),149,5745,-74,0,29,6,0,7,1742468841.579406,424
f4:2e:7f:2e:5f:71,802.11a (OFDM),149,5745,-74,0,30,6,0,7,1742468841.579404,132
f4:2e:7f:2e:5f:71,802.11a (OFDM),149,5745,-74,0,31,6,0,7,1742468841.579406,172
f4:2e:7f:2e:5f:71,802.11a (OFDM),149,5745,-74,0,32,6,0,7,1742468841.579417,150
f4:2e:7f:2e:5f:71,802.11a (OFDM),149,5745,-74,0,33,6,0,7,1742468841.579441,224
f4:2e:7f:2e:5f:71,802.11a (OFDM),149,5745,-74,0,34,6,0,7,1742468841.579441,150
f4:2e:7f:2e:5f:71,802.11a (OFDM),149,5745,-73,0,35,6,0,7,1742468841.579476,252
f4:2e:7f:2e:5f:71,802.11a (OFDM),149,5745,-74,0,36,6,0,7,1742468841.579499,230
f4:2e:7f:2e:5f:71,802.11a (OFDM),149,5745,-74,0,37,6,0,7,1742468841.579501,462
f4:2e:7f:2e:5f:71,802.11a (OFDM),149,5745,-74,0,38,6,0,7,1742468841.579501,561
f4:2e:7f:2e:5f:71,802.11a (OFDM),149,5745,-74,0,39,6,0,7,1742468841.579503,265
f4:2e:7f:2e:5f:71,802.11a (OFDM),149,5745,-74,0,40,6,0,7,1742468841.581375,609
f4:2e:7f:2e:5f:71,802.11a (OFDM),149,5745,-74,0,42,6,0,7,1742468841.681969,199
f4:2e:7f:2e:5f:71,802.11a (OFDM),149,5745,-74,0,43,6,0,7,1742468841.68197,421
f4:2e:7f:2e:5f:71,802.11a (OFDM),149,5745,-74,0,44,6,0,7,1742468841.68198,167
f4:2e:7f:2e:5f:71,802.11a (OFDM),149,5745,-74,0,45,6,0,7,1742468841.681984,244
f4:2e:7f:2e:5f:71,802.11a (OFDM),149,5745,-74,0,46,6,0,7,1742468841.682023,249
f4:2e:7f:2e:5f:71,802.11a (OFDM),149,5745,-74,0,47,6,0,7,1742468841.682024,261
f4:2e:7f:2e:5f:71,802.11a (OFDM),149,5745,-74,0,48,6,0,7,1742468841.682026,294
f4:2e:7f:2e:5f:71,802.11a (OFDM),149,5745,-74,0,49,6,0,7,1742468841.682027,176
f4:2e:7f:2e:5f:71,802.11a (OFDM),149,5745,-73,0,50,6,0,7,1742468841.682028,247
f4:2e:7f:2e:5f:71,802.11a (OFDM),149,5745,-74,0,51,6,0,7,1742468841.682028,190
f4:2e:7f:2e:5f:71,802.11a (OFDM),149,5745,-74,0,52,6,0,7,1742468841.682028,259
f4:2e:7f:2e:5f:71,802.11a (OFDM),149,5745,-74,0,53,6,0,7,1742468841.682029,190
f4:2e:7f:2e:5f:71,802.11a (OFDM),149,5745,-74,0,54,6,0,7,1742468841.682029,190
f4:2e:7f:2e:5f:71,802.11a (OFDM),149,5745,-74,0,55,6,0,7,1742468841.68203,187
f4:2e:7f:2e:5f:71,802.11a (OFDM),149,5745,-74,0,56,6,0,7,1742468841.682031,180
f4:2e:7f:2e:5f:71,802.11a (OFDM),149,5745,-74,0,57,6,0,7,1742468841.685443,497
f4:2e:7f:2e:5f:71,802.11a (OFDM),149,5745,-73,0,58,6,0,7,1742468841.685447,497
f4:2e:7f:2e:5f:71,802.11a (OFDM),149,5745,-74,0,59,6,0,7,1742468841.778733,846
f4:2e:7f:2e:5f:71,802.11a (OFDM),149,5745,-74,0,60,6,0,7,1742468841.778797,240
f4:2e:7f:2e:5f:71,802.11a (OFDM),149,5745,-74,0,61,6,0,7,1742468841.778797,132
f4:2e:7f:2e:5f:71,802.11a (OFDM),149,5745,-74,0,62,6,0,7,1742468841.886587,295
f4:2e:7f:2e:5f:71,802.11a (OFDM),149,5745,-73,0,63,6,0,7,1742468841.886603,282
f4:2e:7f:2e:5f:71,802.11a (OFDM),149,5745,-74,0,64,6,0,7,1742468841.886603,351
f4:2e:7f:2e:5f:71,802.11a (OFDM),149,5745,-74,0,65,6,0,7,1742468841.886608,294
f4:2e:7f:2e:5f:71,802.11a (OFDM),149,5745,-74,0,66,6,0,7,1742468841.886629,136
f4:2e:7f:2e:5f:71,802.11a (OFDM),149,5745,-74,0,67,6,0,7,1742468841.886684,150
f4:2e:7f:2e:5f:71,802.11a (OFDM),149,5745,-74,0,68,6,0,7,1742468841.886685,265
f4:2e:7f:2e:5f:71,802.11a (OFDM),149,5745,-74,0,69,6,0,7,1742468841.886687,205
f4:2e:7f:2e:5f:71,802.11a (OFDM),149,5745,-73,0,70,6,0,7,1742468841.886688,205
f4:2e:7f:2e:5f:71,802.11a (OFDM),149,5745,-74,0,71,6,0,7,1742468841.88669,150
f4:2e:7f:2e:5f:71,802.11a (OFDM),149,5745,-73,0,72,6,0,7,1742468841.886694,227
f4:2e:7f:2e:5f:71,802.11a (OFDM),149,5745,-74,0,73,6,0,7,1742468841.886694,411
f4:2e:7f:2e:5f:71,802.11a (OFDM),149,5745,-74,0,74,6,0,7,1742468841.886705,150
f4:2e:7f:2e:5f:71,802.11a (OFDM),149,5745,-74,0,75,6,0,7,1742468841.886708,150
f4:2e:7f:2e:5f:71,802.11a (OFDM),149,5745,-74,0,76,6,0,7,1742468841.886708,136
f4:2e:7f:2e:5f:71,802.11a (OFDM),149,5745,-74,0,77,6,0,7,1742468841.895986,180
f4:2e:7f:2e:5f:71,802.11a (OFDM),149,5745,-74,0,78,6,0,7,1742468841.895993,298
f4:2e:7f:2e:5f:71,802.11a (OFDM),149,5745,-73,0,79,6,0,7,1742468841.895995,182
f4:2e:7f:2e:5f:71,802.11a (OFDM),149,5745,-74,0,80,6,0,7,1742468841.895996,260
f4:2e:7f:2e:5f:71,802.11a (OFDM),149,5745,-74,0,81,6,0,7,1742468841.896003,289
f4:2e:7f:2e:5f:71,802.11a (OFDM),149,5745,-74,0,82,6,0,7,1742468841.896006,295
f4:2e:7f:2e:5f:71,802.11a (OFDM),149,5745,-74,0,83,6,0,7,1742468841.896015,427
f4:2e:7f:2e:5f:71,802.11a (OFDM),149,5745,-74,0,84,6,0,7,1742468841.896058,248
f4:2e:7f:2e:5f:71,802.11a (OFDM),149,5745,-74,0,85,6,0,7,1742468841.896058,203
f4:2e:7f:2e:5f:71,802.11a (OFDM),149,5745,-74,0,86,6,0,7,1742468841.896058,338
f4:2e:7f:2e:5f:71,802.11a (OFDM),149,5745,-74,0,87,6,0,7,1742468841.896061,238
f4:2e:7f:2e:5f:71,802.11a (OFDM),149,5745,-74,0,88,6,0,7,1742468841.896089,265
f4:2e:7f:2e:5f:71,802.11a (OFDM),149,5745,-74,0,90,6,0,7,1742468841.98996,195
f4:2e:7f:2e:5f:71,802.11a (OFDM),149,5745,-73,0,91,6,0,7,1742468841.989971,172
f4:2e:7f:2e:5f:71,802.11a (OFDM),149,5745,-74,0,92,6,0,7,1742468841.989971,421
f4:2e:7f:2e:5f:71,802.11a (OFDM),149,5745,-73,0,93,6,0,7,1742468841.98997,227
f4:2e:7f:2e:5f:71,802.11a (OFDM),149,5745,-74,0,94,6,0,7,1742468841.989971,150
f4:2e:7f:2e:5f:71,802.11a (OFDM),149,5745,-74,0,95,6,0,7,1742468841.989971,252
f4:2e:7f:2e:5f:71,802.11a (OFDM),149,5745,-74,0,96,6,0,7,1742468841.989971,288
f4:2e:7f:2e:5f:71,802.11a (OFDM),149,5745,-74,0,97,6,0,7,1742468841.989987,172
f4:2e:7f:2e:5f:71,802.11a (OFDM),149,5745,-74,0,98,6,0,7,1742468841.989993,167
f4:2e:7f:2e:5f:71,802.11a (OFDM),149,5745,-74,0,99,6,0,7,1742468841.989994,150
f4:2e:7f:2e:5f:71,802.11a (OFDM),149,5745,-74,0,100,6,0,7,1742468841.990001,172
f4:2e:7f:2e:5f:71,802.11a (OFDM),149,5745,-74,0,101,6,0,7,1742468841.990004,150
f4:2e:7f:2e:5f:71,802.11a (OFDM),149,5745,-74,0,102,6,0,7,1742468841.99001,204
